30100,6108,1,0
30100,6109,2,0
30100,6110,3,0
30100,6111,4,0
30100,6112,5,0
30100,6113,6,0
30100,6114,7,0
30100,6115,8,0
30100,6116,9,0
30100,6117,10,0
30100,6118,11,0
30100,6119,12,0
30100,6120,13,0
30100,6121,14,0
30100,6122,15,0
30100,6123,16,1
30101,6001,1,0
30101,6002,2,0
30101,6003,3,0
30101,6004,4,0
30101,6005,5,0
30101,6006,6,0
30101,6007,7,0
30101,6008,8,0
30101,6009,9,0
30101,6010,10,0
30101,6011,11,0
30101,6012,12,0
30101,6013,13,0
30101,6014,14,0
30101,6015,15,0
30101,6016,16,1
301100,3486,1,0
301100,3495,2,0
301100,2349,3,0
301100,1440,4,0
301100,1388,5,0
301100,2920,6,0
301100,1000,7,0
301100,1879,8,0
301100,1893,9,0
301100,1900,10,0
301100,1904,11,0
301100,1907,12,0
301100,4007,13,0
301100,5026,14,0
301100,3866,15,0
301100,1256,16,0
301100,4004,17,0
301100,4006,18,1
301101,4004,1,0
301101,1257,2,0
301101,3869,3,0
301101,5025,4,0
301101,4006,5,0
301101,1270,6,0
301101,1907,7,0
301101,2536,8,0
301101,2540,9,0
301101,1901,10,0
301101,2548,11,0
301101,1385,12,0
301101,2924,13,0
301101,2920,14,0
301101,1389,15,0
301101,1434,16,0
301101,1463,17,0
301101,3495,18,0
301101,3486,19,1
